2.246575000000000100e-01
2.094137500000000096e-01
1.957462500000000105e-01
1.786400000000000210e-01
1.679225000000000023e-01
1.531850000000000156e-01
1.417200000000000126e-01
1.283987499999999782e-01
1.182562500000000211e-01
1.074225000000000041e-01
9.817874999999999519e-02
8.960124999999999340e-02
8.072499999999999121e-02
7.274624999999998454e-02
6.530125000000000512e-02
5.979624999999999524e-02
5.280375000000000346e-02
4.907250000000000500e-02
4.256374999999999742e-02
3.862999999999999767e-02
3.397375000000000395e-02
3.131375000000000824e-02
2.745749999999999580e-02
2.511624999999999622e-02
2.269124999999999961e-02
1.979625000000000135e-02
1.789125000000000090e-02
1.640249999999999694e-02
1.486875000000000349e-02
1.242624999999999980e-02
1.162874999999999846e-02
1.018750000000000037e-02
9.295000000000001178e-03
7.948750000000000954e-03
7.173749999999999571e-03
6.331249999999999205e-03
6.111250000000000362e-03
4.929999999999999487e-03
4.652499999999999518e-03
4.152499999999999941e-03
3.856249999999999435e-03
