5.034699999999999731e-01
4.678399999999999781e-01
4.370800000000000241e-01
4.082399999999999918e-01
3.751499999999999835e-01
3.470400000000000151e-01
3.189600000000000213e-01
2.911400000000000099e-01
2.675699999999999745e-01
2.440700000000000092e-01
2.220199999999999951e-01
2.002400000000000013e-01
1.844999999999999973e-01
1.684900000000000009e-01
1.514999999999999958e-01
1.341600000000000015e-01
1.231399999999999995e-01
1.122999999999999970e-01
1.003399999999999986e-01
8.974999999999999645e-02
7.890999999999999404e-02
7.252000000000000113e-02
6.611999999999999822e-02
5.847999999999999726e-02
5.181000000000000189e-02
4.594999999999999779e-02
4.189999999999999974e-02
3.715999999999999859e-02
3.312999999999999973e-02
3.021000000000000074e-02
2.716999999999999971e-02
2.376999999999999946e-02
2.084000000000000088e-02
1.825999999999999845e-02
1.587999999999999828e-02
1.524999999999999967e-02
1.299999999999999940e-02
1.200999999999999984e-02
1.102999999999999987e-02
8.970000000000000542e-03
8.250000000000000389e-03
