1.956525000000000070e-01
1.808349999999999957e-01
1.663350000000000106e-01
1.552274999999999905e-01
1.418874999999999997e-01
1.313350000000000073e-01
1.215574999999999989e-01
1.102024999999999949e-01
1.002775000000000055e-01
9.019499999999999740e-02
8.322999999999999843e-02
7.508249999999999647e-02
6.596000000000000474e-02
6.221750000000000197e-02
5.609000000000000097e-02
5.017749999999999988e-02
4.480750000000000011e-02
4.090250000000000136e-02
3.679749999999999688e-02
3.243999999999999662e-02
2.925000000000000169e-02
2.592250000000000110e-02
2.353999999999999843e-02
2.194499999999999923e-02
1.852749999999999883e-02
1.706250000000000128e-02
1.529250000000000054e-02
1.352749999999999959e-02
1.170249999999999936e-02
1.054500000000000055e-02
9.520000000000000684e-03
8.982499999999999166e-03
7.822499999999999593e-03
6.877499999999999933e-03
5.832500000000000011e-03
5.174999999999999913e-03
5.020000000000000157e-03
4.542499999999999663e-03
3.777500000000000042e-03
3.415000000000000067e-03
3.139999999999999996e-03
