3.563000000000000056e-01
3.301399999999999890e-01
3.031400000000000206e-01
2.846699999999999786e-01
2.595299999999999829e-01
2.384799999999999975e-01
2.211299999999999932e-01
2.015000000000000124e-01
1.829600000000000115e-01
1.648699999999999888e-01
1.515900000000000025e-01
1.370099999999999929e-01
1.210299999999999987e-01
1.127900000000000014e-01
1.022499999999999937e-01
9.102999999999999980e-02
8.161999999999999811e-02
7.525999999999999357e-02
6.648999999999999355e-02
5.931999999999999773e-02
5.346999999999999670e-02
4.780000000000000221e-02
4.315000000000000085e-02
4.003000000000000308e-02
3.380999999999999978e-02
3.082999999999999977e-02
2.789000000000000160e-02
2.443000000000000033e-02
2.159000000000000155e-02
1.936999999999999833e-02
1.745999999999999983e-02
1.611999999999999891e-02
1.435999999999999950e-02
1.233000000000000068e-02
1.076000000000000047e-02
9.560000000000000789e-03
9.360000000000000264e-03
8.219999999999999876e-03
7.210000000000000263e-03
6.259999999999999939e-03
5.619999999999999996e-03
