1.933614999999999917e-01
1.792769999999999919e-01
1.663195000000000090e-01
1.542092499999999922e-01
1.422367499999999951e-01
1.306750000000000134e-01
1.200762499999999955e-01
1.097362499999999935e-01
9.980524999999999813e-02
9.094425000000000425e-02
8.311825000000000463e-02
7.528999999999999582e-02
6.800225000000000020e-02
6.168524999999999703e-02
5.564500000000000002e-02
5.046874999999999972e-02
4.527624999999999705e-02
4.058975000000000083e-02
3.649324999999999791e-02
3.298725000000000268e-02
2.950525000000000023e-02
2.651825000000000015e-02
2.395800000000000013e-02
2.130649999999999905e-02
1.892925000000000163e-02
1.691399999999999848e-02
1.524525000000000012e-02
1.353774999999999944e-02
1.207599999999999993e-02
1.086250000000000063e-02
9.847500000000000350e-03
8.578499999999999320e-03
7.762749999999999685e-03
6.899999999999999883e-03
6.153750000000000366e-03
5.539249999999999903e-03
4.887500000000000351e-03
4.517499999999999814e-03
3.988750000000000108e-03
3.448000000000000110e-03
3.144500000000000160e-03
