1.376415000000000000e-01
1.180279999999999940e-01
9.928049999999999375e-02
8.169975000000000154e-02
6.557949999999999890e-02
5.184874999999999901e-02
3.930299999999999766e-02
2.863724999999999951e-02
2.021724999999999911e-02
1.383449999999999958e-02
9.101249999999999965e-03
5.580749999999999773e-03
3.277749999999999848e-03
1.786999999999999960e-03
9.202499999999999526e-04
4.492499999999999966e-04
1.847499999999999913e-04
8.399999999999999535e-05
2.949999999999999877e-05
9.500000000000000523e-06
2.250000000000000057e-06
7.500000000000000190e-07
0.000000000000000000e+00
0.000000000000000000e+00
0.000000000000000000e+00
0.000000000000000000e+00
0.000000000000000000e+00
0.000000000000000000e+00
0.000000000000000000e+00
0.000000000000000000e+00
0.000000000000000000e+00
0.000000000000000000e+00
0.000000000000000000e+00
0.000000000000000000e+00
0.000000000000000000e+00
0.000000000000000000e+00
0.000000000000000000e+00
0.000000000000000000e+00
0.000000000000000000e+00
0.000000000000000000e+00
0.000000000000000000e+00
