3.442870000000000097e-01
3.193130000000000135e-01
2.953749999999999987e-01
2.728840000000000154e-01
2.507889999999999842e-01
2.304309999999999969e-01
2.104820000000000024e-01
1.931269999999999931e-01
1.757460000000000133e-01
1.591329999999999967e-01
1.450249999999999873e-01
1.314720000000000055e-01
1.191880000000000023e-01
1.071880000000000055e-01
9.666299999999999892e-02
8.703199999999999825e-02
7.892499999999999516e-02
7.055400000000000560e-02
6.376900000000000623e-02
5.641899999999999693e-02
5.140000000000000124e-02
4.565799999999999720e-02
4.103099999999999803e-02
3.646599999999999842e-02
3.296600000000000225e-02
2.932600000000000137e-02
2.672899999999999929e-02
2.339600000000000013e-02
2.127499999999999877e-02
1.862099999999999866e-02
1.704800000000000065e-02
1.499400000000000038e-02
1.348500000000000046e-02
1.186500000000000055e-02
1.066399999999999987e-02
9.268000000000000196e-03
8.378999999999999296e-03
7.459000000000000352e-03
6.766000000000000313e-03
6.126999999999999634e-03
5.429999999999999931e-03
