2.640469999999999762e-01
2.271819999999999951e-01
1.905360000000000109e-01
1.573710000000000109e-01
1.263229999999999908e-01
9.884800000000000531e-02
7.505499999999999672e-02
5.494600000000000178e-02
3.942400000000000071e-02
2.671400000000000163e-02
1.747900000000000148e-02
1.086600000000000066e-02
6.300000000000000044e-03
3.459999999999999968e-03
1.793000000000000106e-03
8.589999999999999546e-04
3.669999999999999760e-04
1.359999999999999989e-04
6.899999999999999667e-05
1.599999999999999928e-05
6.000000000000000152e-06
1.999999999999999909e-06
9.999999999999999547e-07
0.000000000000000000e+00
0.000000000000000000e+00
0.000000000000000000e+00
0.000000000000000000e+00
0.000000000000000000e+00
0.000000000000000000e+00
0.000000000000000000e+00
0.000000000000000000e+00
0.000000000000000000e+00
0.000000000000000000e+00
0.000000000000000000e+00
0.000000000000000000e+00
0.000000000000000000e+00
0.000000000000000000e+00
0.000000000000000000e+00
0.000000000000000000e+00
0.000000000000000000e+00
0.000000000000000000e+00
